{
 "cells": [
  {
   "cell_type": "markdown",
   "metadata": {},
   "source": [
    "# **TECHNOLOGICAL INFRASTRUCTURES FOR DS ASSIGNMENT**"
   ]
  },
  {
   "cell_type": "markdown",
   "metadata": {},
   "source": [
    "**Importazione delle librerie**"
   ]
  },
  {
   "cell_type": "code",
   "execution_count": 1,
   "metadata": {},
   "outputs": [],
   "source": [
    "import pyspark\n",
    "import pandas as pd\n",
    "import databricks.koalas as ks\n",
    "import seaborn as sns\n",
    "import matplotlib.pyplot as plt\n",
    "import numpy as np\n",
    "import scipy.stats as stats\n",
    "import pyspark.sql.functions as f\n",
    "\n",
    "from pyspark.sql import SparkSession, DataFrame\n",
    "from pyspark.sql.functions import col\n",
    "from pyspark.sql.types import StringType\n",
    "from functools import reduce  \n",
    "from pyspark.ml.feature import StringIndexer\n",
    "from pyspark.ml import Pipeline\n",
    "from pyspark.ml.feature import StringIndexer, OneHotEncoder\n",
    "from pyspark.ml.feature import VectorAssembler\n",
    "from pyspark.ml.regression import LinearRegression"
   ]
  },
  {
   "cell_type": "markdown",
   "metadata": {},
   "source": [
    "**1. Carry out a descriptive statistical analysis of the table data**"
   ]
  },
  {
   "cell_type": "code",
   "execution_count": 2,
   "metadata": {},
   "outputs": [],
   "source": [
    "#creiamo una sessione Spark nominata Assignment_Spark\n",
    "spark=SparkSession.builder.appName(\"Assignment_Spark\").getOrCreate()"
   ]
  },
  {
   "cell_type": "code",
   "execution_count": 3,
   "metadata": {
    "scrolled": true
   },
   "outputs": [],
   "source": [
    "#importiamo i dataset in Pandas e li convertiamo in Spark\n",
    "pdf0 = pd.read_excel('C:/Users/Eric/Desktop/assignment_TIDS/risultati_A_zaini_piccoli_9-11.xlsx', sheet_name='detailed results',inferSchema=True)\n",
    "dfA = spark.createDataFrame(pdf0)\n",
    "pdf1 = pd.read_excel('C:/Users/Eric/Desktop/assignment_TIDS/risultati_B_piccole_45-55_1big_knapsack.xlsx', sheet_name='detailed results',inferSchema=True)\n",
    "dfB = spark.createDataFrame(pdf1)\n",
    "pdf2 = pd.read_excel('C:/Users/Eric/Desktop/assignment_TIDS/risultati_C_piccole_45-55.xlsx', sheet_name='detailed results',inferSchema=True)\n",
    "dfC = spark.createDataFrame(pdf2)\n",
    "pdf3 = pd.read_excel('C:/Users/Eric/Desktop/assignment_TIDS/risultati_D_con_più zaini.xlsx', sheet_name='più zaini',inferSchema=True)\n",
    "dfD = spark.createDataFrame(pdf3)\n",
    "pdf4 = pd.read_excel('C:/Users/Eric/Desktop/assignment_TIDS/risultati_E_con_più items.xlsx', sheet_name='più items',inferSchema=True)\n",
    "dfE = spark.createDataFrame(pdf4)\n",
    "pdf5 = pd.read_excel('C:/Users/Eric/Desktop/assignment_TIDS/risultati_F_zaini_piccoli_27-33.xlsx', sheet_name='detailed results',inferSchema=True)\n",
    "dfF = spark.createDataFrame(pdf5)"
   ]
  },
  {
   "cell_type": "code",
   "execution_count": 4,
   "metadata": {},
   "outputs": [],
   "source": [
    "#uniamo i dataset\n",
    "df=reduce(DataFrame.unionAll, [dfA,dfB,dfC,dfD,dfE,dfF])"
   ]
  },
  {
   "cell_type": "code",
   "execution_count": 5,
   "metadata": {
    "scrolled": true
   },
   "outputs": [
    {
     "name": "stdout",
     "output_type": "stream",
     "text": [
      "+---+---+---+---+---+--------+----------+----------+------+--------+------+------+---------+-----------+---------+\n",
      "| F1| F2| F3| F4|Rep|MODEL_OF|MODEL_OFUB|MODEL_TIME|CBC_OF|CBC_TIME|CBC_FC|CBC_PC|NEWCBC_OF|NEWCBC_TIME|NEWCBC_FC|\n",
      "+---+---+---+---+---+--------+----------+----------+------+--------+------+------+---------+-----------+---------+\n",
      "|  3|400|  9|  A|  1|     197|       197|      0.29|   197|    0.02|     0|     1|      197|      0.056|        0|\n",
      "|  3|400|  9|  A|  2|     162|       162|      0.24|   162|    0.02|     0|     0|      162|      0.016|        0|\n",
      "|  3|400|  9|  A|  3|     165|       165|      0.85|   165|    0.01|     0|     0|      165|      0.023|        0|\n",
      "|  3|400|  6|  A|  4|     178|       178|     0.311|   178|    0.02|     0|     1|      178|      0.012|        0|\n",
      "|  3|400|  9|  A|  5|     220|       220|      0.72|   220|    0.03|     0|     1|      220|      0.038|        0|\n",
      "+---+---+---+---+---+--------+----------+----------+------+--------+------+------+---------+-----------+---------+\n",
      "only showing top 5 rows\n",
      "\n"
     ]
    }
   ],
   "source": [
    "df.show(5)"
   ]
  },
  {
   "cell_type": "code",
   "execution_count": 6,
   "metadata": {},
   "outputs": [],
   "source": [
    "#convertiamo la variabile F1 da numerica a string\n",
    "df = df.withColumn(\"F1\",col(\"F1\").cast(StringType()))"
   ]
  },
  {
   "cell_type": "code",
   "execution_count": 7,
   "metadata": {},
   "outputs": [
    {
     "name": "stdout",
     "output_type": "stream",
     "text": [
      "root\n",
      " |-- F1: string (nullable = true)\n",
      " |-- F2: long (nullable = true)\n",
      " |-- F3: long (nullable = true)\n",
      " |-- F4: string (nullable = true)\n",
      " |-- Rep: long (nullable = true)\n",
      " |-- MODEL_OF: long (nullable = true)\n",
      " |-- MODEL_OFUB: long (nullable = true)\n",
      " |-- MODEL_TIME: double (nullable = true)\n",
      " |-- CBC_OF: long (nullable = true)\n",
      " |-- CBC_TIME: double (nullable = true)\n",
      " |-- CBC_FC: long (nullable = true)\n",
      " |-- CBC_PC: long (nullable = true)\n",
      " |-- NEWCBC_OF: long (nullable = true)\n",
      " |-- NEWCBC_TIME: double (nullable = true)\n",
      " |-- NEWCBC_FC: long (nullable = true)\n",
      "\n"
     ]
    }
   ],
   "source": [
    "df.printSchema()"
   ]
  },
  {
   "cell_type": "code",
   "execution_count": 8,
   "metadata": {},
   "outputs": [
    {
     "name": "stdout",
     "output_type": "stream",
     "text": [
      "+-------+-----------------+-----------------+-------------------+\n",
      "|summary|       MODEL_TIME|         CBC_TIME|        NEWCBC_TIME|\n",
      "+-------+-----------------+-----------------+-------------------+\n",
      "|  count|              400|              400|                400|\n",
      "|   mean|       293.390935|      254.8061825|0.19791249999999994|\n",
      "| stddev|880.5823451249038|775.7127981301821|0.23503598581988636|\n",
      "|    min|             0.08|             0.01|              0.011|\n",
      "|    max|           3600.0|           3600.0|              1.562|\n",
      "+-------+-----------------+-----------------+-------------------+\n",
      "\n",
      "+-------+------------------+------------------+-----------------+\n",
      "|summary|          MODEL_OF|            CBC_OF|        NEWCBC_OF|\n",
      "+-------+------------------+------------------+-----------------+\n",
      "|  count|               400|               400|              400|\n",
      "|   mean|          281.9075|          281.8625|           281.81|\n",
      "| stddev|102.20495867468581|102.18639214984306|102.0867678517939|\n",
      "|    min|                82|                82|               82|\n",
      "|    max|               658|               658|              658|\n",
      "+-------+------------------+------------------+-----------------+\n",
      "\n"
     ]
    }
   ],
   "source": [
    "#la funzione describe ci offre le statistiche essenziali. Si prende in considerazione le funzioni obiettivo e le variabili temporali\n",
    "df.describe('MODEL_TIME','CBC_TIME','NEWCBC_TIME').show()\n",
    "df.describe('MODEL_OF','CBC_OF','NEWCBC_OF').show()"
   ]
  },
  {
   "cell_type": "code",
   "execution_count": 9,
   "metadata": {},
   "outputs": [
    {
     "name": "stdout",
     "output_type": "stream",
     "text": [
      "+-----+---+---+---+---+---+---+\n",
      "|F1_F4|  A|  B|  C|  D|  E|  F|\n",
      "+-----+---+---+---+---+---+---+\n",
      "|   15|  0|  0|  0| 10|  0|  0|\n",
      "|    5| 30| 30| 30|  0|  0| 30|\n",
      "|   10| 30| 30| 30|  0| 20| 30|\n",
      "|   20|  0|  0|  0| 10|  0|  0|\n",
      "|    3| 30| 30| 30|  0|  0| 30|\n",
      "+-----+---+---+---+---+---+---+\n",
      "\n"
     ]
    }
   ],
   "source": [
    "#comprendiamo meglio la distribuzione della variabile categorica F1 rispetto alle tipologie proposte da F4\n",
    "#Si nota che la distribuzione delle tipologie 20 e 15 non risulta confrontabile con le altre\n",
    "df.stat.crosstab(\"F1\",\"F4\").show()"
   ]
  },
  {
   "cell_type": "code",
   "execution_count": 10,
   "metadata": {},
   "outputs": [],
   "source": [
    "#studiamo i subset rispetto alla variabile categorica F1\n",
    "sub_3=df.filter(df.F1==3)\n",
    "sub_5=df.filter(df.F1==5)\n",
    "sub_10=df.filter(df.F1==10)\n",
    "sub_15=df.filter(df.F1==15)\n",
    "sub_20=df.filter(df.F1==20)"
   ]
  },
  {
   "cell_type": "code",
   "execution_count": 11,
   "metadata": {},
   "outputs": [
    {
     "name": "stdout",
     "output_type": "stream",
     "text": [
      "+-------+------------------+------------------+--------------------+\n",
      "|summary|        MODEL_TIME|          CBC_TIME|         NEWCBC_TIME|\n",
      "+-------+------------------+------------------+--------------------+\n",
      "|  count|               120|               120|                 120|\n",
      "|   mean|2.0632083333333333|0.8206416666666667|0.055166666666666676|\n",
      "| stddev|2.1089815690881464|1.1373099826206694| 0.03928870373143352|\n",
      "|    min|              0.08|              0.01|               0.011|\n",
      "|    max|             9.894|             4.633|               0.163|\n",
      "+-------+------------------+------------------+--------------------+\n",
      "\n",
      "+-------+-----------------+------------------+-------------------+\n",
      "|summary|       MODEL_TIME|          CBC_TIME|        NEWCBC_TIME|\n",
      "+-------+-----------------+------------------+-------------------+\n",
      "|  count|              120|               120|                120|\n",
      "|   mean|11.23695833333333|         10.335625|0.10926666666666665|\n",
      "| stddev|42.51692476554787|29.884357514168904|0.07492974113422905|\n",
      "|    min|             0.08|              0.01|              0.013|\n",
      "|    max|          453.185|           258.359|              0.476|\n",
      "+-------+-----------------+------------------+-------------------+\n",
      "\n",
      "+-------+------------------+------------------+-------------------+\n",
      "|summary|        MODEL_TIME|          CBC_TIME|        NEWCBC_TIME|\n",
      "+-------+------------------+------------------+-------------------+\n",
      "|  count|               140|               140|                140|\n",
      "|   mean| 646.8110357142857| 562.7534285714286|0.31864285714285717|\n",
      "| stddev|1229.5402403990554|1079.0917206371155|0.23655516555655728|\n",
      "|    min|              0.21|              0.01|              0.017|\n",
      "|    max|            3600.0|            3600.0|              1.309|\n",
      "+-------+------------------+------------------+-------------------+\n",
      "\n",
      "+-------+------------------+------------------+-------------------+\n",
      "|summary|        MODEL_TIME|          CBC_TIME|        NEWCBC_TIME|\n",
      "+-------+------------------+------------------+-------------------+\n",
      "|  count|                10|                10|                 10|\n",
      "|   mean|          917.5517| 735.7923000000001|             0.5631|\n",
      "| stddev|1447.4572658269897|1078.8032711353044|0.27107499987190914|\n",
      "|    min|            31.528|            32.093|               0.14|\n",
      "|    max|            3600.0|            3600.0|              1.005|\n",
      "+-------+------------------+------------------+-------------------+\n",
      "\n",
      "+-------+------------------+------------------+-------------------+\n",
      "|summary|        MODEL_TIME|          CBC_TIME|        NEWCBC_TIME|\n",
      "+-------+------------------+------------------+-------------------+\n",
      "|  count|                10|                10|                 10|\n",
      "|   mean|1603.1291999999999|         1444.0318|             0.9192|\n",
      "| stddev|1560.3519002237783|1598.8611397013394|0.29537990603439646|\n",
      "|    min|           112.446|            94.761|              0.574|\n",
      "|    max|            3600.0|            3600.0|              1.562|\n",
      "+-------+------------------+------------------+-------------------+\n",
      "\n"
     ]
    }
   ],
   "source": [
    "#TIME\n",
    "#la categoria 3 presenta range simili tra MODEL e CBC, con media e varianza più basse in CBC. NEWCBC ha range, media e varianza nettamente inferiori\n",
    "#le categorie 5 e 10 rimarcano questa differenza di MODEL e CBC rispetto a NEWCBC, presentando una distribuzione completamente diversa \n",
    "sub_3.describe('MODEL_TIME','CBC_TIME','NEWCBC_TIME').show()\n",
    "sub_5.describe('MODEL_TIME','CBC_TIME','NEWCBC_TIME').show()\n",
    "sub_10.describe('MODEL_TIME','CBC_TIME','NEWCBC_TIME').show()\n",
    "\n",
    "#le tipologie 15 e 20 non sono confrontabili per via della numerosità nettamente inferiore. Si osserva che il range dei valori è nettamente superiore in MODEL e CBC\n",
    "sub_15.describe('MODEL_TIME','CBC_TIME','NEWCBC_TIME').show()\n",
    "sub_20.describe('MODEL_TIME','CBC_TIME','NEWCBC_TIME').show()"
   ]
  },
  {
   "cell_type": "code",
   "execution_count": 12,
   "metadata": {
    "scrolled": true
   },
   "outputs": [
    {
     "name": "stdout",
     "output_type": "stream",
     "text": [
      "+-------+------------------+------------------+-----------------+\n",
      "|summary|          MODEL_OF|            CBC_OF|        NEWCBC_OF|\n",
      "+-------+------------------+------------------+-----------------+\n",
      "|  count|               120|               120|              120|\n",
      "|   mean|279.59166666666664|279.59166666666664|279.4916666666667|\n",
      "| stddev| 92.69680366098706| 92.69680366098706|92.57111695706102|\n",
      "|    min|               108|               108|              108|\n",
      "|    max|               658|               658|              658|\n",
      "+-------+------------------+------------------+-----------------+\n",
      "\n",
      "+-------+------------------+------------------+------------------+\n",
      "|summary|          MODEL_OF|            CBC_OF|         NEWCBC_OF|\n",
      "+-------+------------------+------------------+------------------+\n",
      "|  count|               120|               120|               120|\n",
      "|   mean|            279.65|            279.65|            279.65|\n",
      "| stddev|114.01648487622046|114.01648487622046|114.01648487622046|\n",
      "|    min|                98|                98|                98|\n",
      "|    max|               658|               658|               658|\n",
      "+-------+------------------+------------------+------------------+\n",
      "\n",
      "+-------+------------------+------------------+------------------+\n",
      "|summary|          MODEL_OF|            CBC_OF|         NEWCBC_OF|\n",
      "+-------+------------------+------------------+------------------+\n",
      "|  count|               140|               140|               140|\n",
      "|   mean| 279.7857142857143|279.90714285714284|279.62142857142857|\n",
      "| stddev|102.79404468055667|102.80867866597738|102.57374731495516|\n",
      "|    min|                82|                82|                82|\n",
      "|    max|               588|               588|               588|\n",
      "+-------+------------------+------------------+------------------+\n",
      "\n",
      "+-------+-----------------+-----------------+-----------------+\n",
      "|summary|         MODEL_OF|           CBC_OF|        NEWCBC_OF|\n",
      "+-------+-----------------+-----------------+-----------------+\n",
      "|  count|               10|               10|               10|\n",
      "|   mean|            339.1|            339.1|            338.7|\n",
      "| stddev|66.07478927531876|66.07478927531876|65.84502005973319|\n",
      "|    min|              252|              252|              252|\n",
      "|    max|              470|              470|              470|\n",
      "+-------+-----------------+-----------------+-----------------+\n",
      "\n",
      "+-------+-----------------+-----------------+-----------------+\n",
      "|summary|         MODEL_OF|           CBC_OF|        NEWCBC_OF|\n",
      "+-------+-----------------+-----------------+-----------------+\n",
      "|  count|               10|               10|               10|\n",
      "|   mean|            309.3|            305.8|            309.3|\n",
      "| stddev|73.21361439878059|73.16313582976363|73.21361439878059|\n",
      "|    min|              223|              223|              223|\n",
      "|    max|              436|              436|              436|\n",
      "+-------+-----------------+-----------------+-----------------+\n",
      "\n"
     ]
    }
   ],
   "source": [
    "#Lo studio della funzione obiettivo ci mostra che non vi è pressocchè alcuna differenza tra le tipologie di algoritmo rispetto alle varie classi\n",
    "sub_3.describe('MODEL_OF','CBC_OF','NEWCBC_OF').show()\n",
    "sub_5.describe('MODEL_OF','CBC_OF','NEWCBC_OF').show()\n",
    "sub_10.describe('MODEL_OF','CBC_OF','NEWCBC_OF').show()\n",
    "sub_15.describe('MODEL_OF','CBC_OF','NEWCBC_OF').show()\n",
    "sub_20.describe('MODEL_OF','CBC_OF','NEWCBC_OF').show()"
   ]
  },
  {
   "cell_type": "code",
   "execution_count": 13,
   "metadata": {},
   "outputs": [],
   "source": [
    "#convertiamo il dataframe pyspark in koalas, facilitando lo studio di correlazione\n",
    "kdf=df.to_koalas()"
   ]
  },
  {
   "cell_type": "code",
   "execution_count": 14,
   "metadata": {
    "scrolled": true
   },
   "outputs": [
    {
     "data": {
      "text/html": [
       "<div>\n",
       "<style scoped>\n",
       "    .dataframe tbody tr th:only-of-type {\n",
       "        vertical-align: middle;\n",
       "    }\n",
       "\n",
       "    .dataframe tbody tr th {\n",
       "        vertical-align: top;\n",
       "    }\n",
       "\n",
       "    .dataframe thead th {\n",
       "        text-align: right;\n",
       "    }\n",
       "</style>\n",
       "<table border=\"1\" class=\"dataframe\">\n",
       "  <thead>\n",
       "    <tr style=\"text-align: right;\">\n",
       "      <th></th>\n",
       "      <th>F2</th>\n",
       "      <th>F3</th>\n",
       "      <th>Rep</th>\n",
       "      <th>MODEL_OF</th>\n",
       "      <th>MODEL_OFUB</th>\n",
       "      <th>MODEL_TIME</th>\n",
       "      <th>CBC_OF</th>\n",
       "      <th>CBC_TIME</th>\n",
       "      <th>CBC_FC</th>\n",
       "      <th>CBC_PC</th>\n",
       "      <th>NEWCBC_OF</th>\n",
       "      <th>NEWCBC_TIME</th>\n",
       "      <th>NEWCBC_FC</th>\n",
       "    </tr>\n",
       "  </thead>\n",
       "  <tbody>\n",
       "    <tr>\n",
       "      <th>F2</th>\n",
       "      <td>1.000000</td>\n",
       "      <td>0.867809</td>\n",
       "      <td>-0.277702</td>\n",
       "      <td>0.540895</td>\n",
       "      <td>0.572436</td>\n",
       "      <td>0.583499</td>\n",
       "      <td>0.540677</td>\n",
       "      <td>0.584216</td>\n",
       "      <td>0.297691</td>\n",
       "      <td>0.444480</td>\n",
       "      <td>0.539737</td>\n",
       "      <td>0.534790</td>\n",
       "      <td>NaN</td>\n",
       "    </tr>\n",
       "    <tr>\n",
       "      <th>F3</th>\n",
       "      <td>0.867809</td>\n",
       "      <td>1.000000</td>\n",
       "      <td>-0.251664</td>\n",
       "      <td>0.628034</td>\n",
       "      <td>0.659081</td>\n",
       "      <td>0.577608</td>\n",
       "      <td>0.627819</td>\n",
       "      <td>0.583315</td>\n",
       "      <td>0.346445</td>\n",
       "      <td>0.451041</td>\n",
       "      <td>0.627523</td>\n",
       "      <td>0.524556</td>\n",
       "      <td>NaN</td>\n",
       "    </tr>\n",
       "    <tr>\n",
       "      <th>Rep</th>\n",
       "      <td>-0.277702</td>\n",
       "      <td>-0.251664</td>\n",
       "      <td>1.000000</td>\n",
       "      <td>-0.168373</td>\n",
       "      <td>-0.183636</td>\n",
       "      <td>-0.269951</td>\n",
       "      <td>-0.166947</td>\n",
       "      <td>-0.281157</td>\n",
       "      <td>-0.167943</td>\n",
       "      <td>-0.219248</td>\n",
       "      <td>-0.168601</td>\n",
       "      <td>-0.293570</td>\n",
       "      <td>NaN</td>\n",
       "    </tr>\n",
       "    <tr>\n",
       "      <th>MODEL_OF</th>\n",
       "      <td>0.540895</td>\n",
       "      <td>0.628034</td>\n",
       "      <td>-0.168373</td>\n",
       "      <td>1.000000</td>\n",
       "      <td>0.994146</td>\n",
       "      <td>0.325523</td>\n",
       "      <td>0.999880</td>\n",
       "      <td>0.338148</td>\n",
       "      <td>0.164382</td>\n",
       "      <td>0.223505</td>\n",
       "      <td>0.999926</td>\n",
       "      <td>0.314580</td>\n",
       "      <td>NaN</td>\n",
       "    </tr>\n",
       "    <tr>\n",
       "      <th>MODEL_OFUB</th>\n",
       "      <td>0.572436</td>\n",
       "      <td>0.659081</td>\n",
       "      <td>-0.183636</td>\n",
       "      <td>0.994146</td>\n",
       "      <td>1.000000</td>\n",
       "      <td>0.396773</td>\n",
       "      <td>0.994122</td>\n",
       "      <td>0.405273</td>\n",
       "      <td>0.195137</td>\n",
       "      <td>0.279649</td>\n",
       "      <td>0.994249</td>\n",
       "      <td>0.358121</td>\n",
       "      <td>NaN</td>\n",
       "    </tr>\n",
       "    <tr>\n",
       "      <th>MODEL_TIME</th>\n",
       "      <td>0.583499</td>\n",
       "      <td>0.577608</td>\n",
       "      <td>-0.269951</td>\n",
       "      <td>0.325523</td>\n",
       "      <td>0.396773</td>\n",
       "      <td>1.000000</td>\n",
       "      <td>0.326282</td>\n",
       "      <td>0.835306</td>\n",
       "      <td>0.395717</td>\n",
       "      <td>0.567852</td>\n",
       "      <td>0.325179</td>\n",
       "      <td>0.664052</td>\n",
       "      <td>NaN</td>\n",
       "    </tr>\n",
       "    <tr>\n",
       "      <th>CBC_OF</th>\n",
       "      <td>0.540677</td>\n",
       "      <td>0.627819</td>\n",
       "      <td>-0.166947</td>\n",
       "      <td>0.999880</td>\n",
       "      <td>0.994122</td>\n",
       "      <td>0.326282</td>\n",
       "      <td>1.000000</td>\n",
       "      <td>0.334941</td>\n",
       "      <td>0.165032</td>\n",
       "      <td>0.224688</td>\n",
       "      <td>0.999811</td>\n",
       "      <td>0.313120</td>\n",
       "      <td>NaN</td>\n",
       "    </tr>\n",
       "    <tr>\n",
       "      <th>CBC_TIME</th>\n",
       "      <td>0.584216</td>\n",
       "      <td>0.583315</td>\n",
       "      <td>-0.281157</td>\n",
       "      <td>0.338148</td>\n",
       "      <td>0.405273</td>\n",
       "      <td>0.835306</td>\n",
       "      <td>0.334941</td>\n",
       "      <td>1.000000</td>\n",
       "      <td>0.393352</td>\n",
       "      <td>0.569047</td>\n",
       "      <td>0.338573</td>\n",
       "      <td>0.677498</td>\n",
       "      <td>NaN</td>\n",
       "    </tr>\n",
       "    <tr>\n",
       "      <th>CBC_FC</th>\n",
       "      <td>0.297691</td>\n",
       "      <td>0.346445</td>\n",
       "      <td>-0.167943</td>\n",
       "      <td>0.164382</td>\n",
       "      <td>0.195137</td>\n",
       "      <td>0.395717</td>\n",
       "      <td>0.165032</td>\n",
       "      <td>0.393352</td>\n",
       "      <td>1.000000</td>\n",
       "      <td>0.737636</td>\n",
       "      <td>0.165286</td>\n",
       "      <td>0.434371</td>\n",
       "      <td>NaN</td>\n",
       "    </tr>\n",
       "    <tr>\n",
       "      <th>CBC_PC</th>\n",
       "      <td>0.444480</td>\n",
       "      <td>0.451041</td>\n",
       "      <td>-0.219248</td>\n",
       "      <td>0.223505</td>\n",
       "      <td>0.279649</td>\n",
       "      <td>0.567852</td>\n",
       "      <td>0.224688</td>\n",
       "      <td>0.569047</td>\n",
       "      <td>0.737636</td>\n",
       "      <td>1.000000</td>\n",
       "      <td>0.224475</td>\n",
       "      <td>0.510303</td>\n",
       "      <td>NaN</td>\n",
       "    </tr>\n",
       "    <tr>\n",
       "      <th>NEWCBC_OF</th>\n",
       "      <td>0.539737</td>\n",
       "      <td>0.627523</td>\n",
       "      <td>-0.168601</td>\n",
       "      <td>0.999926</td>\n",
       "      <td>0.994249</td>\n",
       "      <td>0.325179</td>\n",
       "      <td>0.999811</td>\n",
       "      <td>0.338573</td>\n",
       "      <td>0.165286</td>\n",
       "      <td>0.224475</td>\n",
       "      <td>1.000000</td>\n",
       "      <td>0.314859</td>\n",
       "      <td>NaN</td>\n",
       "    </tr>\n",
       "    <tr>\n",
       "      <th>NEWCBC_TIME</th>\n",
       "      <td>0.534790</td>\n",
       "      <td>0.524556</td>\n",
       "      <td>-0.293570</td>\n",
       "      <td>0.314580</td>\n",
       "      <td>0.358121</td>\n",
       "      <td>0.664052</td>\n",
       "      <td>0.313120</td>\n",
       "      <td>0.677498</td>\n",
       "      <td>0.434371</td>\n",
       "      <td>0.510303</td>\n",
       "      <td>0.314859</td>\n",
       "      <td>1.000000</td>\n",
       "      <td>NaN</td>\n",
       "    </tr>\n",
       "    <tr>\n",
       "      <th>NEWCBC_FC</th>\n",
       "      <td>NaN</td>\n",
       "      <td>NaN</td>\n",
       "      <td>NaN</td>\n",
       "      <td>NaN</td>\n",
       "      <td>NaN</td>\n",
       "      <td>NaN</td>\n",
       "      <td>NaN</td>\n",
       "      <td>NaN</td>\n",
       "      <td>NaN</td>\n",
       "      <td>NaN</td>\n",
       "      <td>NaN</td>\n",
       "      <td>NaN</td>\n",
       "      <td>1.0</td>\n",
       "    </tr>\n",
       "  </tbody>\n",
       "</table>\n",
       "</div>"
      ],
      "text/plain": [
       "                   F2        F3       Rep  MODEL_OF  MODEL_OFUB  MODEL_TIME    CBC_OF  CBC_TIME    CBC_FC    CBC_PC  NEWCBC_OF  NEWCBC_TIME  NEWCBC_FC\n",
       "F2           1.000000  0.867809 -0.277702  0.540895    0.572436    0.583499  0.540677  0.584216  0.297691  0.444480   0.539737     0.534790        NaN\n",
       "F3           0.867809  1.000000 -0.251664  0.628034    0.659081    0.577608  0.627819  0.583315  0.346445  0.451041   0.627523     0.524556        NaN\n",
       "Rep         -0.277702 -0.251664  1.000000 -0.168373   -0.183636   -0.269951 -0.166947 -0.281157 -0.167943 -0.219248  -0.168601    -0.293570        NaN\n",
       "MODEL_OF     0.540895  0.628034 -0.168373  1.000000    0.994146    0.325523  0.999880  0.338148  0.164382  0.223505   0.999926     0.314580        NaN\n",
       "MODEL_OFUB   0.572436  0.659081 -0.183636  0.994146    1.000000    0.396773  0.994122  0.405273  0.195137  0.279649   0.994249     0.358121        NaN\n",
       "MODEL_TIME   0.583499  0.577608 -0.269951  0.325523    0.396773    1.000000  0.326282  0.835306  0.395717  0.567852   0.325179     0.664052        NaN\n",
       "CBC_OF       0.540677  0.627819 -0.166947  0.999880    0.994122    0.326282  1.000000  0.334941  0.165032  0.224688   0.999811     0.313120        NaN\n",
       "CBC_TIME     0.584216  0.583315 -0.281157  0.338148    0.405273    0.835306  0.334941  1.000000  0.393352  0.569047   0.338573     0.677498        NaN\n",
       "CBC_FC       0.297691  0.346445 -0.167943  0.164382    0.195137    0.395717  0.165032  0.393352  1.000000  0.737636   0.165286     0.434371        NaN\n",
       "CBC_PC       0.444480  0.451041 -0.219248  0.223505    0.279649    0.567852  0.224688  0.569047  0.737636  1.000000   0.224475     0.510303        NaN\n",
       "NEWCBC_OF    0.539737  0.627523 -0.168601  0.999926    0.994249    0.325179  0.999811  0.338573  0.165286  0.224475   1.000000     0.314859        NaN\n",
       "NEWCBC_TIME  0.534790  0.524556 -0.293570  0.314580    0.358121    0.664052  0.313120  0.677498  0.434371  0.510303   0.314859     1.000000        NaN\n",
       "NEWCBC_FC         NaN       NaN       NaN       NaN         NaN         NaN       NaN       NaN       NaN       NaN        NaN          NaN        1.0"
      ]
     },
     "execution_count": 14,
     "metadata": {},
     "output_type": "execute_result"
    }
   ],
   "source": [
    "#come ci si aspettava vi è una correlazione pressocchè unitaria tra le funzioni obiettivo, e tra le variabili temporali di MODEL e CBC. Le altre variabili non presentano particolari correlazioni\n",
    "ks.DataFrame.corr(kdf)"
   ]
  },
  {
   "cell_type": "code",
   "execution_count": 15,
   "metadata": {},
   "outputs": [],
   "source": [
    "#per facilitare la realizzazione dei grafici si estraggono le variabili pyspark convertendole in lista\n",
    "x_MOD_TIME=df.select('MODEL_TIME').rdd.map(lambda row : row.MODEL_TIME).collect()\n",
    "x_CBC_TIME=df.select('CBC_TIME').rdd.map(lambda row : row.CBC_TIME).collect()\n",
    "x_NEWCBC_TIME=df.select('NEWCBC_TIME').rdd.map(lambda row : row.NEWCBC_TIME).collect()"
   ]
  },
  {
   "cell_type": "code",
   "execution_count": 16,
   "metadata": {},
   "outputs": [],
   "source": [
    "x_MOD_OF=df.select('MODEL_OF').rdd.map(lambda row : row.MODEL_OF).collect()\n",
    "x_CBC_OF=df.select('CBC_OF').rdd.map(lambda row : row.CBC_OF).collect()\n",
    "x_NEWCBC_OF=df.select('NEWCBC_OF').rdd.map(lambda row : row.NEWCBC_OF).collect()\n",
    "y=df.select('F1').rdd.map(lambda row : row.F1).collect()"
   ]
  },
  {
   "cell_type": "code",
   "execution_count": 17,
   "metadata": {},
   "outputs": [],
   "source": [
    "y_F4=df.select('F4').rdd.map(lambda row : row.F4).collect()"
   ]
  },
  {
   "cell_type": "code",
   "execution_count": 18,
   "metadata": {},
   "outputs": [
    {
     "data": {
